第1个球
平面法向量参数：
A = 1
B = 1
C = 1
D = -6
平面中心点坐标：
x0 = 2
y0 = 2
z0 = 2
球心坐标：
x1 = 3
y1 = 3
z1 = 3
球心到平面的距离为：1.73205

第2个球
平面法向量参数：
A = 2
B = 2
C = 2
D = -18
平面中心点坐标：
x0 = 3
y0 = 3
z0 = 3
球心坐标：
x1 = 4
y1 = 4
z1 = 4
球心到平面的距离为：1.73205

第3个球
平面法向量参数：
A = 5
B = 5
C = 5
D = -90
平面中心点坐标：
x0 = 6
y0 = 6
z0 = 6
球心坐标：
x1 = 7
y1 = 7
z1 = 7
球心到平面的距离为：1.73205

