=>plane1:
-243.216
 2.17302
 34.4168
-269.873

iter : 10000
pcd :11588
pcd_in :8888


=>plane2:
-3.97216
 -1.4682
-26.9979
 39.8819

iter : 10000
pcd :26424
pcd_in :22518


=>sphere:
-594.319
 167.266
 1876.09
 242.351

iter : 10000
pcd :2904
pcd_in :2085

T =
-0.00121203    0.140379   -0.990097
  -0.998514   0.0537701  0.00884605
  0.0544795    0.988637    0.140106

T_inverse =
-0.00121203   -0.998514   0.0544795
   0.140379   0.0537701    0.988637
  -0.990097  0.00884605    0.140106

d =
-594.319
 167.266
 1876.09
